# PICO d1s1 full sky SED 
# fwhm_out = 240.0 
# Channels      Mean SED        RMS SED         SED ERR         Mean SED NF     
 
21.00000000     -7.70744052e-13 2.08575979e-05  3.92303327e-11  -7.59733300e-13
25.00000000     -4.68165160e-13 1.24929873e-05  2.56565846e-11  -4.65116906e-13
30.00000000     -2.79561207e-13 7.36093291e-06  1.81710994e-11  -2.82157407e-13
36.00000000     -1.71990431e-13 4.39651768e-06  1.23613443e-11  -1.73158277e-13
43.20000000     -1.16787947e-13 2.70311196e-06  1.24767960e-11  -1.15501058e-13
51.80000000     -8.21086133e-14 1.78144149e-06  9.04637047e-12  -8.16742030e-14
62.20000000     -6.62501020e-14 1.35272224e-06  8.37408503e-12  -6.69785337e-14
74.60000000     -6.00189050e-14 1.27944020e-06  6.29321541e-12  -6.01978097e-14
89.60000000     -6.92767770e-14 1.48407839e-06  4.35955437e-12  -6.91309368e-14
107.50000000    -8.72720051e-14 1.94700670e-06  3.51924645e-12  -8.88850144e-14
129.00000000    -1.16764807e-13 2.75120279e-06  3.58250246e-12  -1.16426729e-13
154.80000000    -1.76599055e-13 4.13703759e-06  2.83766431e-12  -1.76706856e-13
185.80000000    -2.77073565e-13 6.65295393e-06  5.59715116e-12  -2.77645750e-13
222.90000000    -4.85771634e-13 1.16117053e-05  6.62434498e-12  -4.85695386e-13
267.50000000    -9.50676913e-13 2.25438845e-05  4.62551162e-12  -9.51049021e-13
321.00000000    -2.12695917e-12 4.99947227e-05  6.43075161e-12  -2.12541522e-12
385.20000000    -5.62887798e-12 1.30821577e-04  7.66097110e-12  -5.62998449e-12
462.20000000    -1.83140374e-11 4.18735208e-04  1.60762476e-11  -1.83120319e-11
554.70000000    -7.64768544e-11 1.71297912e-03  7.68736841e-11  -7.64764034e-11
665.60000000    -4.29480559e-10 9.37692317e-03  3.20992729e-10  -4.29502135e-10
798.70000000    -3.44300696e-09 7.28651422e-02  1.99272691e-09  -3.44320780e-09
