# LiteBIRD d1s1 full sky SED 
# fwhm_out = 240.0 
# Channels      Mean SED        RMS SED         SED ERR         Mean SED NF     
 
40.00000000     -1.08462369e-07 3.28913983e+00  6.31892640e-05  -1.32830839e-07
50.00000000     -7.49940528e-08 1.91267570e+00  3.92693761e-05  -8.25287902e-08
60.00000000     -4.81985117e-08 1.40104947e+00  3.23321049e-05  -6.39740287e-08
68.00000000     -6.50326924e-08 1.27730206e+00  2.03411976e-05  -5.90404221e-08
78.00000000     -6.44346656e-08 1.30348297e+00  1.59343329e-05  -5.94121130e-08
89.00000000     -6.44632568e-08 1.47107076e+00  1.38348002e-05  -6.50280169e-08
100.00000000    -7.37173199e-08 1.72623200e+00  9.84819631e-06  -7.45195166e-08
119.00000000    -9.75388738e-08 2.33884053e+00  6.78336538e-06  -9.84463699e-08
140.00000000    -1.36214820e-07 3.27464628e+00  6.71821419e-06  -1.36328819e-07
166.00000000    -2.01627446e-07 4.91376648e+00  7.61463791e-06  -2.03938722e-07
195.00000000    -3.14594993e-07 7.63739649e+00  8.59973565e-06  -3.17603205e-07
235.00000000    -5.71740943e-07 1.38944068e+01  1.52821640e-05  -5.80997423e-07
280.00000000    -1.14044156e-06 2.71289369e+01  2.00342290e-05  -1.14336751e-06
337.00000000    -2.70918153e-06 6.34572115e+01  2.99016350e-05  -2.70409682e-06
402.00000000    -7.27966969e-06 1.68416718e+02  6.72966140e-05  -7.27241503e-06
